10 3 0 539 0 539
10 3 0 368 0 368
10 3 0 897 0 897
10 3 0 687 0 687
10 3 0 484 0 484
10 3 0 720 0 720
10 3 0 724 0 724
10 3 0 394 0 394
10 3 0 189 0 189
10 3 0 621 0 621
10 3 1 108 0 108
10 3 1 410 0 410
10 3 1 256 0 256
10 3 1 216 0 216
10 3 1 110 0 110
10 3 1 529 0 529
10 3 1 177 0 177
10 3 1 671 0 671
10 3 1 268 0 268
10 3 1 311 0 311
10 3 2 163 0 163
10 3 2 353 10 343
10 3 2 479 19 460
10 3 2 234 2 232
10 3 2 388 0 388
10 3 2 369 0 369
10 3 2 472 0 472
10 3 2 468 0 468
10 3 2 88 0 88
10 3 2 146 0 146
10 3 3 338 0 338
10 3 3 201 0 201
10 3 3 349 6 343
10 3 3 385 0 385
10 3 3 351 29 322
10 3 3 558 0 558
10 3 3 452 0 452
10 3 3 441 1 440
10 3 3 170 3 167
10 3 3 232 0 232
10 3 4 337 2 335
10 3 4 460 0 460
10 3 4 415 0 415
10 3 4 351 0 351
10 3 4 98 0 98
10 3 4 248 21 227
10 3 4 655 9 646
10 3 4 232 9 223
10 3 4 360 4 356
10 3 4 594 14 580
10 9 0 1486 0 1486
10 9 0 1101 0 1101
10 9 0 1213 0 1213
10 9 0 835 0 835
10 9 0 713 0 713
10 9 0 873 0 873
10 9 0 1238 0 1238
10 9 0 1027 0 1027
10 9 0 757 0 757
10 9 0 641 0 641
10 9 1 1379 0 1379
10 9 1 2116 0 2116
10 9 1 1231 31 1200
10 9 1 1142 7 1135
10 9 1 1361 2 1359
10 9 1 1062 0 1062
10 9 1 2226 0 2226
10 9 1 1323 0 1323
10 9 1 2351 0 2351
10 9 1 1019 0 1019
10 9 2 1359 9 1350
10 9 2 1375 0 1375
10 9 2 1176 0 1176
10 9 2 822 33 789
10 9 2 985 0 985
10 9 2 1248 77 1171
10 9 2 525 0 525
10 9 2 1718 0 1718
10 9 2 1143 0 1143
10 9 2 781 21 760
10 9 3 448 4 444
10 9 3 1083 84 999
10 9 3 1428 0 1428
10 9 3 859 36 823
10 9 3 464 0 464
10 9 3 897 15 882
10 9 3 1986 32 1954
10 9 3 1654 5 1649
10 9 3 1050 0 1050
10 9 3 1491 7 1484
10 9 4 712 5 707
10 9 4 1410 7 1403
10 9 4 1166 0 1166
10 9 4 1011 0 1011
10 9 4 1403 26 1377
10 9 4 1194 0 1194
10 9 4 1655 104 1551
10 9 4 1672 8 1664
10 9 4 1090 0 1090
10 9 4 975 6 969
10 15 0 1911 0 1911
10 15 0 2367 0 2367
10 15 0 1867 0 1867
10 15 0 1453 0 1453
10 15 0 2181 0 2181
10 15 0 1955 0 1955
10 15 0 2114 0 2114
10 15 0 2423 0 2423
10 15 0 1939 0 1939
10 15 0 1089 0 1089
10 15 1 3047 66 2981
10 15 1 1651 5 1646
10 15 1 1340 0 1340
10 15 1 2268 20 2248
10 15 1 1771 0 1771
10 15 1 1541 0 1541
10 15 1 1143 0 1143
10 15 1 2617 0 2617
10 15 1 1935 20 1915
10 15 1 1663 0 1663
10 15 2 2927 0 2927
10 15 2 1105 13 1092
10 15 2 3163 143 3020
10 15 2 2602 18 2584
10 15 2 792 28 764
10 15 2 1900 29 1871
10 15 2 1202 0 1202
10 15 2 1673 68 1605
10 15 2 1619 52 1567
10 15 2 2173 7 2166
10 15 3 3538 50 3488
10 15 3 2179 94 2085
10 15 3 722 21 701
10 15 3 1332 0 1332
10 15 3 1031 16 1015
10 15 3 1620 0 1620
10 15 3 2057 25 2032
10 15 3 950 14 936
10 15 3 1504 33 1471
10 15 3 1218 35 1183
10 15 4 3823 312 3511
10 15 4 2919 41 2878
10 15 4 886 17 869
10 15 4 2245 8 2237
10 15 4 1837 34 1803
10 15 4 1848 98 1750
10 15 4 2914 64 2850
10 15 4 1438 3 1435
10 15 4 1201 53 1148
10 15 4 1465 9 1456
10 21 0 2267 0 2267
10 21 0 2212 0 2212
10 21 0 2398 0 2398
10 21 0 1502 0 1502
10 21 0 2929 0 2929
10 21 0 3145 0 3145
10 21 0 3029 0 3029
10 21 0 3807 0 3807
10 21 0 2778 0 2778
10 21 0 1671 0 1671
10 21 1 2916 5 2911
10 21 1 1933 1 1932
10 21 1 1460 0 1460
10 21 1 1878 7 1871
10 21 1 1968 10 1958
10 21 1 1858 0 1858
10 21 1 2405 0 2405
10 21 1 1955 52 1903
10 21 1 2667 0 2667
10 21 1 4323 0 4323
10 21 2 2376 2 2374
10 21 2 3638 0 3638
10 21 2 2100 0 2100
10 21 2 2623 21 2602
10 21 2 1417 40 1377
10 21 2 2637 61 2576
10 21 2 1631 10 1621
10 21 2 2274 0 2274
10 21 2 3086 0 3086
10 21 2 4496 14 4482
10 21 3 2870 92 2778
10 21 3 1976 14 1962
10 21 3 3577 23 3554
10 21 3 3265 103 3162
10 21 3 3148 0 3148
10 21 3 1738 12 1726
10 21 3 2831 51 2780
10 21 3 2169 34 2135
10 21 3 1735 84 1651
10 21 3 3342 0 3342
10 21 4 1840 38 1802
10 21 4 2028 14 2014
10 21 4 3239 56 3183
10 21 4 2409 30 2379
10 21 4 3112 134 2978
10 21 4 2969 83 2886
10 21 4 1998 59 1939
10 21 4 2944 0 2944
10 21 4 3355 0 3355
10 21 4 2866 21 2845
10 27 0 2311 0 2311
10 27 0 3425 0 3425
10 27 0 4017 0 4017
10 27 0 1665 0 1665
10 27 0 2845 0 2845
10 27 0 2128 0 2128
10 27 0 1266 0 1266
10 27 0 4873 0 4873
10 27 0 2045 0 2045
10 27 0 4756 0 4756
10 27 1 2395 0 2395
10 27 1 3536 0 3536
10 27 1 4094 21 4073
10 27 1 3307 0 3307
10 27 1 4985 14 4971
10 27 1 2345 0 2345
10 27 1 2229 11 2218
10 27 1 4000 30 3970
10 27 1 3465 2 3463
10 27 1 2173 0 2173
10 27 2 2608 9 2599
10 27 2 2887 106 2781
10 27 2 4612 7 4605
10 27 2 3860 39 3821
10 27 2 2744 3 2741
10 27 2 3941 0 3941
10 27 2 5325 40 5285
10 27 2 4887 0 4887
10 27 2 4629 38 4591
10 27 2 3735 19 3716
10 27 3 3834 175 3659
10 27 3 4787 53 4734
10 27 3 3871 25 3846
10 27 3 2338 91 2247
10 27 3 3282 13 3269
10 27 3 4320 88 4232
10 27 3 2564 0 2564
10 27 3 2683 0 2683
10 27 3 4655 0 4655
10 27 3 3754 48 3706
10 27 4 3567 37 3530
10 27 4 3603 250 3353
10 27 4 4390 58 4332
10 27 4 5689 230 5459
10 27 4 3564 28 3536
10 27 4 3390 1 3389
10 27 4 3154 103 3051
10 27 4 2796 60 2736
10 27 4 4654 74 4580
10 27 4 4811 144 4667
10 50 0 7438 0 7438
10 50 0 5601 0 5601
10 50 0 4312 0 4312
10 50 0 7260 0 7260
10 50 0 7031 0 7031
10 50 0 7486 0 7486
10 50 0 7193 0 7193
10 50 0 8193 0 8193
10 50 0 4311 0 4311
10 50 0 6465 0 6465
10 50 1 7121 0 7121
10 50 1 8563 352 8211
10 50 1 5624 0 5624
10 50 1 5692 186 5506
10 50 1 7937 0 7937
10 50 1 5232 0 5232
10 50 1 4082 19 4063
10 50 1 4642 62 4580
10 50 1 7059 72 6987
10 50 1 8084 1 8083
10 50 2 7862 0 7862
10 50 2 5147 126 5021
10 50 2 4475 657 3818
10 50 2 6566 97 6469
10 50 2 9219 9 9210
10 50 2 10076 242 9834
10 50 2 7162 88 7074
10 50 2 5904 9 5895
10 50 2 6079 0 6079
10 50 2 6174 93 6081
10 50 3 7337 787 6550
10 50 3 4500 106 4394
10 50 3 3098 0 3098
10 50 3 8217 86 8131
10 50 3 2503 10 2493
10 50 3 4778 40 4738
10 50 3 5834 22 5812
10 50 3 7690 7 7683
10 50 3 6643 35 6608
10 50 3 6917 74 6843
10 50 4 8657 180 8477
10 50 4 6851 155 6696
10 50 4 7449 135 7314
10 50 4 7262 145 7117
10 50 4 5236 20 5216
10 50 4 7318 24 7294
10 50 4 2136 2 2134
10 50 4 5219 68 5151
10 50 4 3815 108 3707
10 50 4 4459 224 4235
10 100 0 16214 0 16214
10 100 0 9542 0 9542
10 100 0 13075 0 13075
10 100 0 12920 0 12920
10 100 0 10538 0 10538
10 100 0 10468 0 10468
10 100 0 14211 0 14211
10 100 0 17916 0 17916
10 100 0 21155 0 21155
10 100 0 14268 0 14268
10 100 1 14287 44 14243
10 100 1 6833 0 6833
10 100 1 11144 1260 9884
10 100 1 12625 10 12615
10 100 1 13276 0 13276
10 100 1 16162 88 16074
10 100 1 11944 47 11897
10 100 1 13283 45 13238
10 100 1 16351 15 16336
10 100 1 12636 0 12636
10 100 2 14131 307 13824
10 100 2 18288 2056 16232
10 100 2 14982 32 14950
10 100 2 10053 70 9983
10 100 2 11934 133 11801
10 100 2 12019 0 12019
10 100 2 12133 261 11872
10 100 2 9900 245 9655
10 100 2 14384 51 14333
10 100 2 20972 1850 19122
10 100 3 12072 303 11769
10 100 3 11634 768 10866
10 100 3 15394 560 14834
10 100 3 12445 75 12370
10 100 3 6695 189 6506
10 100 3 8447 9 8438
10 100 3 12884 143 12741
10 100 3 12065 358 11707
10 100 3 13703 105 13598
10 100 3 16500 232 16268
10 100 4 14725 488 14237
10 100 4 10692 346 10346
10 100 4 14165 440 13725
10 100 4 15430 275 15155
10 100 4 15248 185 15063
10 100 4 11267 2567 8700
10 100 4 13063 588 12475
10 100 4 14553 1261 13292
10 100 4 12385 433 11952
10 100 4 10539 130 10409
FINAL 1454141 25142
