10 3 0 184 0 184
10 3 0 615 0 615
10 3 0 484 0 484
10 3 0 331 0 331
10 3 0 423 0 423
10 3 0 408 0 408
10 3 0 384 0 384
10 3 0 404 0 404
10 3 0 146 0 146
10 3 0 409 0 409
10 3 1 68 0 68
10 3 1 288 0 288
10 3 1 708 0 708
10 3 1 158 0 158
10 3 1 187 0 187
10 3 1 725 5 720
10 3 1 512 0 512
10 3 1 955 0 955
10 3 1 850 0 850
10 3 1 836 0 836
10 3 2 76 12 64
10 3 2 113 13 100
10 3 2 175 0 175
10 3 2 536 0 536
10 3 2 266 0 266
10 3 2 265 0 265
10 3 2 396 0 396
10 3 2 438 0 438
10 3 2 508 0 508
10 3 2 317 11 306
10 3 3 70 0 70
10 3 3 464 0 464
10 3 3 287 0 287
10 3 3 441 0 441
10 3 3 344 11 333
10 3 3 533 0 533
10 3 3 491 0 491
10 3 3 537 0 537
10 3 3 82 0 82
10 3 3 343 0 343
10 3 4 482 0 482
10 3 4 722 0 722
10 3 4 530 0 530
10 3 4 364 1 363
10 3 4 402 0 402
10 3 4 197 0 197
10 3 4 709 29 680
10 3 4 535 0 535
10 3 4 281 0 281
10 3 4 474 0 474
10 9 0 895 0 895
10 9 0 1333 0 1333
10 9 0 384 0 384
10 9 0 1044 0 1044
10 9 0 1407 0 1407
10 9 0 759 0 759
10 9 0 571 0 571
10 9 0 1597 0 1597
10 9 0 2545 0 2545
10 9 0 615 0 615
10 9 1 971 0 971
10 9 1 1476 0 1476
10 9 1 837 0 837
10 9 1 1238 0 1238
10 9 1 1394 0 1394
10 9 1 1030 1 1029
10 9 1 986 0 986
10 9 1 1435 0 1435
10 9 1 1411 0 1411
10 9 1 1283 0 1283
10 9 2 1823 11 1812
10 9 2 1029 27 1002
10 9 2 649 0 649
10 9 2 1663 47 1616
10 9 2 1080 21 1059
10 9 2 1828 14 1814
10 9 2 1121 34 1087
10 9 2 1617 17 1600
10 9 2 2177 0 2177
10 9 2 1012 0 1012
10 9 3 1674 26 1648
10 9 3 974 0 974
10 9 3 2225 50 2175
10 9 3 1212 33 1179
10 9 3 1735 44 1691
10 9 3 1562 454 1108
10 9 3 1861 47 1814
10 9 3 1173 30 1143
10 9 3 1154 0 1154
10 9 3 1510 21 1489
10 9 4 1171 16 1155
10 9 4 1301 2 1299
10 9 4 1184 0 1184
10 9 4 1270 149 1121
10 9 4 834 0 834
10 9 4 1835 0 1835
10 9 4 307 39 268
10 9 4 1846 49 1797
10 9 4 1114 2 1112
10 9 4 1367 115 1252
10 15 0 1694 0 1694
10 15 0 3056 0 3056
10 15 0 2830 0 2830
10 15 0 2368 0 2368
10 15 0 2616 0 2616
10 15 0 1065 0 1065
10 15 0 1811 0 1811
10 15 0 1600 0 1600
10 15 0 2451 0 2451
10 15 0 2759 0 2759
10 15 1 1943 43 1900
10 15 1 2029 0 2029
10 15 1 821 0 821
10 15 1 1927 226 1701
10 15 1 2101 1 2100
10 15 1 1148 0 1148
10 15 1 2559 14 2545
10 15 1 1353 28 1325
10 15 1 1136 0 1136
10 15 1 2278 0 2278
10 15 2 2143 154 1989
10 15 2 1837 86 1751
10 15 2 2445 61 2384
10 15 2 1792 12 1780
10 15 2 1680 0 1680
10 15 2 1975 0 1975
10 15 2 3541 68 3473
10 15 2 2176 20 2156
10 15 2 2309 5 2304
10 15 2 2143 2 2141
10 15 3 1694 98 1596
10 15 3 2112 13 2099
10 15 3 1276 0 1276
10 15 3 3011 52 2959
10 15 3 1397 201 1196
10 15 3 1683 6 1677
10 15 3 4366 36 4330
10 15 3 4136 311 3825
10 15 3 1667 131 1536
10 15 3 1790 2 1788
10 15 4 2145 0 2145
10 15 4 3057 60 2997
10 15 4 2396 32 2364
10 15 4 2049 0 2049
10 15 4 2604 508 2096
10 15 4 2991 12 2979
10 15 4 1626 1 1625
10 15 4 1693 178 1515
10 15 4 2596 0 2596
10 15 4 1093 0 1093
10 21 0 2278 0 2278
10 21 0 992 0 992
10 21 0 2675 0 2675
10 21 0 3647 0 3647
10 21 0 3912 0 3912
10 21 0 3601 0 3601
10 21 0 2522 0 2522
10 21 0 2559 0 2559
10 21 0 2422 0 2422
10 21 0 2361 0 2361
10 21 1 2644 9 2635
10 21 1 906 0 906
10 21 1 1934 0 1934
10 21 1 2426 39 2387
10 21 1 3056 77 2979
10 21 1 2129 0 2129
10 21 1 3435 12 3423
10 21 1 3161 0 3161
10 21 1 2598 11 2587
10 21 1 3252 2 3250
10 21 2 1639 38 1601
10 21 2 2277 0 2277
10 21 2 2679 2 2677
10 21 2 2424 39 2385
10 21 2 2822 0 2822
10 21 2 2804 0 2804
10 21 2 1568 152 1416
10 21 2 4378 29 4349
10 21 2 3173 0 3173
10 21 2 1510 32 1478
10 21 3 3481 26 3455
10 21 3 1757 92 1665
10 21 3 2943 34 2909
10 21 3 2664 9 2655
10 21 3 1910 33 1877
10 21 3 3187 261 2926
10 21 3 1824 61 1763
10 21 3 3936 0 3936
10 21 3 1976 0 1976
10 21 3 1165 53 1112
10 21 4 1940 0 1940
10 21 4 3680 15 3665
10 21 4 3165 12 3153
10 21 4 2660 10 2650
10 21 4 2723 20 2703
10 21 4 2925 143 2782
10 21 4 4385 80 4305
10 21 4 3329 82 3247
10 21 4 1796 46 1750
10 21 4 2833 80 2753
10 27 0 4459 0 4459
10 27 0 3082 0 3082
10 27 0 4617 0 4617
10 27 0 2383 0 2383
10 27 0 2230 0 2230
10 27 0 5410 0 5410
10 27 0 4664 0 4664
10 27 0 4876 0 4876
10 27 0 3835 0 3835
10 27 0 4500 0 4500
10 27 1 2667 64 2603
10 27 1 3801 43 3758
10 27 1 2121 12 2109
10 27 1 4520 0 4520
10 27 1 3006 0 3006
10 27 1 1982 1 1981
10 27 1 2590 78 2512
10 27 1 2927 305 2622
10 27 1 4497 75 4422
10 27 1 3337 0 3337
10 27 2 1794 19 1775
10 27 2 3518 51 3467
10 27 2 4075 3 4072
10 27 2 2106 2 2104
10 27 2 4626 36 4590
10 27 2 4031 230 3801
10 27 2 4389 171 4218
10 27 2 4918 23 4895
10 27 2 2492 95 2397
10 27 2 2889 27 2862
10 27 3 4212 588 3624
10 27 3 5223 0 5223
10 27 3 2553 3 2550
10 27 3 4830 110 4720
10 27 3 3373 16 3357
10 27 3 3740 58 3682
10 27 3 2828 54 2774
10 27 3 1942 1 1941
10 27 3 1659 40 1619
10 27 3 4209 170 4039
10 27 4 3205 64 3141
10 27 4 4753 158 4595
10 27 4 3813 126 3687
10 27 4 3374 20 3354
10 27 4 5573 309 5264
10 27 4 4793 44 4749
10 27 4 3459 19 3440
10 27 4 4326 349 3977
10 27 4 4505 180 4325
10 27 4 4038 70 3968
10 50 0 7081 0 7081
10 50 0 6357 0 6357
10 50 0 6283 0 6283
10 50 0 4845 0 4845
10 50 0 6684 0 6684
10 50 0 10047 0 10047
10 50 0 6509 0 6509
10 50 0 8062 0 8062
10 50 0 3789 0 3789
10 50 0 8639 0 8639
10 50 1 3647 0 3647
10 50 1 6818 0 6818
10 50 1 10615 119 10496
10 50 1 6098 112 5986
10 50 1 3552 114 3438
10 50 1 5143 8 5135
10 50 1 8873 0 8873
10 50 1 7546 177 7369
10 50 1 5737 105 5632
10 50 1 5934 37 5897
10 50 2 3875 208 3667
10 50 2 9533 4 9529
10 50 2 9428 41 9387
10 50 2 7682 279 7403
10 50 2 4659 28 4631
10 50 2 7045 250 6795
10 50 2 4525 5 4520
10 50 2 5307 122 5185
10 50 2 6092 57 6035
10 50 2 5134 283 4851
10 50 3 5838 53 5785
10 50 3 8768 275 8493
10 50 3 6666 504 6162
10 50 3 6919 27 6892
10 50 3 5118 11 5107
10 50 3 7801 239 7562
10 50 3 5389 67 5322
10 50 3 3402 34 3368
10 50 3 9113 287 8826
10 50 3 5257 80 5177
10 50 4 4915 162 4753
10 50 4 4586 1 4585
10 50 4 5074 504 4570
10 50 4 8536 340 8196
10 50 4 8356 96 8260
10 50 4 5596 153 5443
10 50 4 3296 96 3200
10 50 4 8422 229 8193
10 50 4 4399 159 4240
10 50 4 6365 281 6084
10 100 0 17278 0 17278
10 100 0 18058 0 18058
10 100 0 9445 0 9445
10 100 0 13815 0 13815
10 100 0 15226 0 15226
10 100 0 10602 0 10602
10 100 0 14303 0 14303
10 100 0 17304 0 17304
10 100 0 14086 0 14086
10 100 0 15254 0 15254
10 100 1 15168 266 14902
10 100 1 19023 0 19023
10 100 1 15014 410 14604
10 100 1 10398 5 10393
10 100 1 7776 66 7710
10 100 1 12554 0 12554
10 100 1 15429 13 15416
10 100 1 15096 249 14847
10 100 1 15751 29 15722
10 100 1 11321 838 10483
10 100 2 17602 98 17504
10 100 2 8981 0 8981
10 100 2 16130 76 16054
10 100 2 11579 75 11504
10 100 2 8646 0 8646
10 100 2 13915 166 13749
10 100 2 10919 20 10899
10 100 2 16774 1 16773
10 100 2 11433 582 10851
10 100 2 14965 244 14721
10 100 3 7722 103 7619
10 100 3 14782 922 13860
10 100 3 5045 2 5043
10 100 3 16338 741 15597
10 100 3 11853 69 11784
10 100 3 10309 376 9933
10 100 3 18714 124 18590
10 100 3 10869 327 10542
10 100 3 14603 421 14182
10 100 3 9671 484 9187
10 100 4 17481 854 16627
10 100 4 20196 982 19214
10 100 4 16693 1552 15141
10 100 4 17052 681 16371
10 100 4 12678 879 11799
10 100 4 12248 485 11763
10 100 4 15646 440 15206
10 100 4 11293 403 10890
10 100 4 14686 446 14240
10 100 4 10417 399 10018
FINAL 1508249 28180
