2 3 -100
2 9 -353
2 15 -31
2 21 112
2 27 -242
2 50 -160
2 100 597
6 3 56
6 9 358
6 15 -162
6 21 389
6 27 155
6 50 -509
6 100 1077
10 3 361
10 9 -355
10 15 161
10 21 1322
10 27 -491
10 50 631
10 100 3150
14 3 181
14 9 -503
14 15 305
14 21 -722
14 27 1303
14 50 963
14 100 3613
18 3 -74
18 9 -758
18 15 555
18 21 1124
18 27 -1050
18 50 2842
18 100 1037
20 3 -38
20 9 -1112
20 15 -752
20 21 2454
20 27 -1498
20 50 3939
20 100 2619
50 3 -49
50 9 824
50 15 -1267
50 21 -5318
50 27 -104
50 50 -788
50 100 1670
2 3 -319
2 9 70
2 15 48
2 21 27
2 27 352
2 50 348
2 100 504
6 3 -130
6 9 -38
6 15 -12
6 21 -645
6 27 720
6 50 2245
6 100 1048
10 3 -247
10 9 -614
10 15 32
10 21 2514
10 27 582
10 50 1415
10 100 -3153
14 3 230
14 9 64
14 15 405
14 21 -27
14 27 -979
14 50 -717
14 100 5878
18 3 72
18 9 466
18 15 863
18 21 937
18 27 2066
18 50 1408
18 100 1031
20 3 -694
20 9 -238
20 15 -742
20 21 2789
20 27 2801
20 50 -335
20 100 2104
50 3 211
50 9 -1748
50 15 -1957
50 21 -45
50 27 -2502
50 50 886
50 100 5070
2 3 81
2 9 85
2 15 -1389
2 21 354
2 27 104
2 50 -21
2 100 450
6 3 21
6 9 -768
6 15 -256
6 21 -159
6 27 1367
6 50 -1457
6 100 1549
10 3 172
10 9 -564
10 15 -442
10 21 1130
10 27 530
10 50 -1610
10 100 1186
14 3 352
14 9 631
14 15 845
14 21 29
14 27 1297
14 50 1529
14 100 11332
18 3 -63
18 9 -605
18 15 -942
18 21 149
18 27 956
18 50 344
18 100 4392
20 3 -662
20 9 963
20 15 -415
20 21 672
20 27 647
20 50 -256
20 100 -2608
50 3 -267
50 9 -2076
50 15 460
50 21 -1418
50 27 1187
50 50 76
50 100 3647
2 3 -106
2 9 55
2 15 -6
2 21 221
2 27 330
2 50 53
2 100 2658
6 3 -110
6 9 105
6 15 574
6 21 398
6 27 -679
6 50 -149
6 100 -518
10 3 -206
10 9 695
10 15 306
10 21 641
10 27 33
10 50 556
10 100 3564
14 3 146
14 9 -406
14 15 952
14 21 420
14 27 417
14 50 2678
14 100 -2856
18 3 141
18 9 -506
18 15 2
18 21 1322
18 27 297
18 50 -191
18 100 1059
20 3 54
20 9 -339
20 15 1123
20 21 629
20 27 -550
20 50 1946
20 100 -5065
50 3 597
50 9 -356
50 15 -1997
50 21 -2673
50 27 764
50 50 3372
50 100 4907
2 3 0
2 9 -64
2 15 62
2 21 57
2 27 -522
2 50 482
2 100 173
6 3 55
6 9 58
6 15 -163
6 21 1758
6 27 412
6 50 1081
6 100 313
10 3 295
10 9 -54
10 15 1256
10 21 158
10 27 1708
10 50 940
10 100 -461
14 3 -299
14 9 558
14 15 -285
14 21 720
14 27 -777
14 50 521
14 100 2644
18 3 88
18 9 -100
18 15 723
18 21 -1185
18 27 -850
18 50 -492
18 100 3780
20 3 263
20 9 -594
20 15 -675
20 21 2424
20 27 894
20 50 -1462
20 100 173
50 3 11
50 9 -271
50 15 -277
50 21 -1000
50 27 -3878
50 50 -4596
50 100 -5953
FINAL 1620672 1550756
