2 3 0 0 0
2 9 128 0 128
2 15 239 49 190
2 21 904 24 880
2 27 1319 23 1296
2 50 1978 144 1834
2 100 1478 86 1392
6 3 187 0 187
6 9 293 77 216
6 15 1339 6 1333
6 21 2120 2 2118
6 27 2599 340 2259
6 50 1403 94 1309
6 100 8987 1169 7818
10 3 186 0 186
10 9 636 0 636
10 15 1746 3 1743
10 21 4150 153 3997
10 27 4162 153 4009
10 50 6784 229 6555
10 100 9891 1501 8390
14 3 380 0 380
14 9 1254 33 1221
14 15 2731 43 2688
14 21 2703 109 2594
14 27 4969 159 4810
14 50 8246 1287 6959
14 100 13343 808 12535
18 3 518 2 516
18 9 1546 72 1474
18 15 2973 9 2964
18 21 6763 75 6688
18 27 6181 327 5854
18 50 10631 291 10340
18 100 25563 6710 18853
20 3 1336 0 1336
20 9 2066 155 1911
20 15 3934 162 3772
20 21 7793 101 7692
20 27 5716 173 5543
20 50 15493 1208 14285
20 100 23347 618 22729
50 3 1991 14 1977
50 9 5567 35 5532
50 15 13787 1781 12006
50 21 13363 530 12833
50 27 15039 1012 14027
50 50 31455 2507 28948
50 100 64339 10202 54137
FINAL 343556 32476
