2 3 9
2 9 32
2 15 -759
2 21 -266
2 27 -424
6 3 -78
6 9 -139
6 15 -140
6 21 -171
6 27 -858
10 3 374
10 9 670
10 15 -834
10 21 203
10 27 704
14 3 289
14 9 -453
14 15 876
14 21 574
14 27 1030
18 3 -48
18 9 -511
18 15 -2392
18 21 460
18 27 1638
2 3 -2
2 9 293
2 15 -219
2 21 575
2 27 -581
6 3 229
6 9 39
6 15 -804
6 21 393
6 27 -113
10 3 -35
10 9 355
10 15 -53
10 21 -622
10 27 -341
14 3 -411
14 9 -387
14 15 -307
14 21 -2214
14 27 -390
18 3 -194
18 9 70
18 15 -101
18 21 526
18 27 -403
2 3 -11
2 9 -2
2 15 47
2 21 15
2 27 -189
6 3 -249
6 9 -392
6 15 -806
6 21 562
6 27 368
10 3 -9
10 9 -480
10 15 -497
10 21 122
10 27 -735
14 3 -14
14 9 172
14 15 -904
14 21 -442
14 27 -485
18 3 -344
18 9 51
18 15 -131
18 21 -99
18 27 -803
2 3 2
2 9 288
2 15 -255
2 21 -3
2 27 -543
6 3 69
6 9 568
6 15 503
6 21 77
6 27 258
10 3 90
10 9 -122
10 15 593
10 21 -319
10 27 1363
14 3 187
14 9 157
14 15 -508
14 21 -1040
14 27 1192
18 3 -180
18 9 566
18 15 -824
18 21 -221
18 27 320
2 3 -133
2 9 155
2 15 -145
2 21 -263
2 27 141
6 3 -70
6 9 -492
6 15 -415
6 21 410
6 27 133
10 3 46
10 9 225
10 15 730
10 21 -1904
10 27 379
14 3 -757
14 9 442
14 15 901
14 21 2013
14 27 663
18 3 -317
18 9 -634
18 15 -389
18 21 -31
18 27 -2833
FINAL 238584 248677
