2 3 89
2 9 -8
2 15 141
2 21 -190
2 27 119
2 50 -586
2 100 -8957
6 3 -125
6 9 -261
6 15 260
6 21 -534
6 27 -3998
6 50 630
6 100 -2193
10 3 74
10 9 655
10 15 -168
10 21 -970
10 27 -2678
10 50 327
10 100 -9029
14 3 214
14 9 -2193
14 15 -2883
14 21 -441
14 27 -585
14 50 -10326
14 100 -5783
18 3 510
18 9 -799
18 15 19
18 21 -1312
18 27 -1001
18 50 -244
18 100 -17372
20 3 -458
20 9 -927
20 15 -1984
20 21 779
20 27 -2702
20 50 -12796
20 100 -4077
50 3 -438
50 9 -123
50 15 -265
50 21 -6182
50 27 -16598
50 50 -1130
50 100 -72521
2 3 -4
2 9 158
2 15 -135
2 21 39
2 27 165
2 50 -211
2 100 -4742
6 3 103
6 9 553
6 15 853
6 21 -2544
6 27 -8
6 50 -5055
6 100 -7731
10 3 -145
10 9 1111
10 15 -800
10 21 -687
10 27 222
10 50 -3857
10 100 1270
14 3 209
14 9 -1467
14 15 149
14 21 -2593
14 27 -1025
14 50 3457
14 100 -32820
18 3 -28
18 9 -760
18 15 685
18 21 -5198
18 27 -7382
18 50 -5895
18 100 -343
20 3 -466
20 9 -1102
20 15 -699
20 21 -1702
20 27 -5300
20 50 -6031
20 100 -9724
50 3 -708
50 9 -1549
50 15 -1735
50 21 -6672
50 27 -8625
50 50 -42736
50 100 -32985
2 3 14
2 9 -324
2 15 -666
2 21 130
2 27 -721
2 50 -4383
2 100 2356
6 3 112
6 9 -106
6 15 66
6 21 -714
6 27 -3370
6 50 -4599
6 100 -7617
10 3 -1331
10 9 -162
10 15 -258
10 21 -3010
10 27 -878
10 50 -1772
10 100 -8689
14 3 -178
14 9 -547
14 15 -1506
14 21 990
14 27 699
14 50 -3931
14 100 -12117
18 3 -448
18 9 -272
18 15 98
18 21 197
18 27 -12046
18 50 -8723
18 100 -9912
20 3 -166
20 9 -52
20 15 -1434
20 21 -4721
20 27 -18375
20 50 -3249
20 100 -23136
50 3 -1363
50 9 -3374
50 15 -5853
50 21 -2344
50 27 -15503
50 50 -8036
50 100 -46468
2 3 -183
2 9 572
2 15 -9
2 21 -938
2 27 -1991
2 50 -1956
2 100 -3065
6 3 117
6 9 88
6 15 -520
6 21 -3622
6 27 -506
6 50 -1258
6 100 -7553
10 3 62
10 9 -755
10 15 172
10 21 -200
10 27 -2184
10 50 -1723
10 100 -12380
14 3 -48
14 9 1029
14 15 -5601
14 21 1879
14 27 -6919
14 50 -5066
14 100 -15616
18 3 427
18 9 564
18 15 -2731
18 21 -370
18 27 -2370
18 50 1770
18 100 -22523
20 3 205
20 9 -1330
20 15 -657
20 21 -10345
20 27 -235
20 50 -8526
20 100 -17415
50 3 591
50 9 -236
50 15 -1454
50 21 513
50 27 -6299
50 50 -13064
50 100 -69950
2 3 -64
2 9 -23
2 15 93
2 21 -642
2 27 159
2 50 404
2 100 -9103
6 3 -27
6 9 8
6 15 74
6 21 -2939
6 27 -1084
6 50 -1929
6 100 -795
10 3 133
10 9 -4
10 15 -339
10 21 269
10 27 -1507
10 50 -3554
10 100 -3809
14 3 -4
14 9 49
14 15 -191
14 21 -995
14 27 -4383
14 50 -10610
14 100 -6784
18 3 417
18 9 123
18 15 -2666
18 21 -216
18 27 -1151
18 50 -3840
18 100 -12838
20 3 358
20 9 -1313
20 15 -985
20 21 -1371
20 27 -182
20 50 -2280
20 100 -30826
50 3 -1281
50 9 1570
50 15 346
50 21 -10386
50 27 -17047
50 50 -29934
50 100 -51592
FINAL 1709144 2744646
