10 3 0 161 0 161
10 3 1 610 0 610
10 3 2 348 0 348
10 3 3 545 0 545
10 3 4 366 0 366
10 9 0 1056 0 1056
10 9 1 1230 0 1230
10 9 2 1136 0 1136
10 9 3 899 69 830
10 9 4 972 0 972
10 15 0 2620 0 2620
10 15 1 1705 0 1705
10 15 2 2715 142 2573
10 15 3 933 1 932
10 15 4 2049 172 1877
10 21 0 3343 0 3343
10 21 1 2799 222 2577
10 21 2 2972 173 2799
10 21 3 3055 73 2982
10 21 4 2435 4 2431
10 27 0 3088 0 3088
10 27 1 2794 11 2783
10 27 2 4066 36 4030
10 27 3 4810 388 4422
10 27 4 4300 375 3925
10 50 0 8012 0 8012
10 50 1 7325 0 7325
10 50 2 6052 107 5945
10 50 3 10029 3 10026
10 50 4 4749 217 4532
10 100 0 9243 0 9243
10 100 1 13671 3497 10174
10 100 2 10846 1041 9805
10 100 3 15298 9 15289
10 100 4 13014 436 12578
FINAL 149246 6976
