2 3 109 68 -41
2 9 216 111 -105
2 15 399 745 346
2 21 1395 823 -572
2 27 315 744 429
2 50 2083 2071 -12
2 100 3731 3205 -526
6 3 9 208 199
6 9 351 309 -42
6 15 1410 1190 -220
6 21 2134 2355 221
6 27 2762 2655 -107
6 50 1934 1882 -52
6 100 2862 2829 -33
10 3 897 325 -572
10 9 824 640 -184
10 15 1663 1250 -413
10 21 3254 2961 -293
10 27 4692 4567 -125
10 50 5923 7215 1292
10 100 10472 7990 -2482
14 3 231 609 378
14 9 1718 1296 -422
14 15 2958 1956 -1002
14 21 4087 2897 -1190
14 27 6023 5237 -786
14 50 10391 8586 -1805
14 100 18188 19492 1304
18 3 794 717 -77
18 9 2511 2633 122
18 15 3734 3127 -607
18 21 5556 3377 -2179
18 27 3210 3214 4
18 50 15119 15285 166
18 100 18165 22774 4609
20 3 621 781 160
20 9 1476 1653 177
20 15 3399 2671 -728
20 21 6188 6217 29
20 27 7224 7502 278
20 50 10679 11562 883
20 100 25188 19296 -5892
50 3 1203 2018 815
50 9 4561 5213 652
50 15 8054 8711 657
50 21 11883 13548 1665
50 27 14284 15432 1148
50 50 33120 31521 -1599
50 100 67039 57139 -9900
FINAL 318607 335039
