2 3 47
2 9 -364
2 15 142
2 21 121
2 27 -3621
2 50 367
2 100 -3897
6 3 -131
6 9 103
6 15 -81
6 21 -152
6 27 -2019
6 50 -528
6 100 246
10 3 -204
10 9 587
10 15 402
10 21 -2859
10 27 -1523
10 50 -737
10 100 -20166
14 3 40
14 9 -83
14 15 -286
14 21 -130
14 27 1406
14 50 -2314
14 100 865
18 3 -429
18 9 -5230
18 15 -1724
18 21 -3087
18 27 -7785
18 50 -6092
18 100 -7957
20 3 210
20 9 -2513
20 15 450
20 21 -4963
20 27 -7667
20 50 1143
20 100 -28732
50 3 -354
50 9 -1638
50 15 -2460
50 21 -3069
50 27 -6972
50 50 -7486
50 100 -24428
2 3 -5
2 9 431
2 15 -156
2 21 308
2 27 205
2 50 145
2 100 -1541
6 3 -66
6 9 141
6 15 -475
6 21 -5180
6 27 1471
6 50 1640
6 100 -11075
10 3 143
10 9 295
10 15 -937
10 21 670
10 27 -3877
10 50 -4991
10 100 -18247
14 3 -124
14 9 -1357
14 15 -1031
14 21 -3008
14 27 -3545
14 50 -678
14 100 -9664
18 3 -86
18 9 214
18 15 -1855
18 21 -1824
18 27 883
18 50 -7524
18 100 -7824
20 3 -426
20 9 527
20 15 -2235
20 21 -648
20 27 -4321
20 50 -4151
20 100 -9118
50 3 767
50 9 -1826
50 15 -3644
50 21 -11738
50 27 -1873
50 50 -25274
50 100 -46593
2 3 -10
2 9 -194
2 15 -17
2 21 -429
2 27 24
2 50 -757
2 100 -1478
6 3 193
6 9 -522
6 15 470
6 21 -2232
6 27 612
6 50 -1101
6 100 -1986
10 3 20
10 9 -1327
10 15 -4102
10 21 -1634
10 27 -3422
10 50 1427
10 100 -16627
14 3 -80
14 9 330
14 15 -522
14 21 -6263
14 27 -1685
14 50 -6549
14 100 -3427
18 3 -619
18 9 -690
18 15 -876
18 21 -10455
18 27 1173
18 50 -9074
18 100 -32016
20 3 -515
20 9 -677
20 15 -2766
20 21 -3317
20 27 -8112
20 50 -6878
20 100 -5230
50 3 307
50 9 901
50 15 -1865
50 21 -4609
50 27 -11216
50 50 -7364
50 100 -24139
2 3 -157
2 9 107
2 15 163
2 21 -1497
2 27 -2867
2 50 76
2 100 -2005
6 3 4
6 9 307
6 15 -1138
6 21 -664
6 27 980
6 50 -3661
6 100 -6251
10 3 -47
10 9 -1016
10 15 -1328
10 21 1118
10 27 -2095
10 50 -4071
10 100 -3206
14 3 864
14 9 -1347
14 15 -4556
14 21 -1906
14 27 -2160
14 50 -3942
14 100 -7001
18 3 -890
18 9 3
18 15 -3301
18 21 -8275
18 27 -1617
18 50 -7302
18 100 -10526
20 3 -382
20 9 -701
20 15 -264
20 21 902
20 27 -10710
20 50 -11173
20 100 -2089
50 3 371
50 9 -763
50 15 -941
50 21 -1580
50 27 -11116
50 50 -28831
50 100 -58621
2 3 275
2 9 -559
2 15 225
2 21 3
2 27 -1996
2 50 -275
2 100 -3360
6 3 -339
6 9 220
6 15 -1558
6 21 552
6 27 -1736
6 50 -1232
6 100 -7951
10 3 -340
10 9 313
10 15 -3638
10 21 -1518
10 27 344
10 50 -904
10 100 -4079
14 3 -108
14 9 -736
14 15 -512
14 21 -548
14 27 -2860
14 50 1019
14 100 -12090
18 3 -125
18 9 260
18 15 307
18 21 -572
18 27 -10063
18 50 -8349
18 100 -9197
20 3 -10
20 9 -689
20 15 -6291
20 21 -3267
20 27 -856
20 50 355
20 100 -10797
50 3 174
50 9 -6643
50 15 632
50 21 -31484
50 27 -32839
50 50 -21596
50 100 -54707
FINAL 1659036 2627237
