2 3 13
2 9 -65
2 15 63
2 21 -81
2 27 -154
2 50 285
2 100 613
6 3 114
6 9 -385
6 15 812
6 21 993
6 27 -217
6 50 1264
6 100 4369
10 3 49
10 9 588
10 15 -458
10 21 643
10 27 833
10 50 851
10 100 4263
14 3 -209
14 9 348
14 15 570
14 21 592
14 27 809
14 50 -831
14 100 -399
18 3 255
18 9 -376
18 15 -1112
18 21 1046
18 27 -635
18 50 -966
18 100 572
20 3 101
20 9 79
20 15 255
20 21 1140
20 27 585
20 50 400
20 100 478
50 3 515
50 9 841
50 15 116
50 21 569
50 27 1573
50 50 -2172
50 100 -5812
2 3 0
2 9 -80
2 15 -206
2 21 543
2 27 617
2 50 336
2 100 841
6 3 152
6 9 -311
6 15 -21
6 21 1308
6 27 -620
6 50 -299
6 100 1837
10 3 -145
10 9 819
10 15 1061
10 21 1589
10 27 11
10 50 336
10 100 4411
14 3 41
14 9 228
14 15 551
14 21 859
14 27 687
14 50 -1025
14 100 3363
18 3 197
18 9 -127
18 15 -87
18 21 1368
18 27 1028
18 50 982
18 100 120
20 3 -168
20 9 -881
20 15 666
20 21 -1538
20 27 1537
20 50 998
20 100 4788
50 3 -1186
50 9 -73
50 15 -2270
50 21 -764
50 27 -101
50 50 1637
50 100 3356
2 3 8
2 9 -114
2 15 -172
2 21 63
2 27 -60
2 50 -223
2 100 1476
6 3 -113
6 9 -130
6 15 400
6 21 0
6 27 -244
6 50 590
6 100 -1094
10 3 103
10 9 -706
10 15 1017
10 21 -360
10 27 -386
10 50 -357
10 100 3345
14 3 149
14 9 77
14 15 781
14 21 262
14 27 -554
14 50 1369
14 100 -1884
18 3 -237
18 9 -59
18 15 1351
18 21 1471
18 27 213
18 50 -1298
18 100 3211
20 3 -221
20 9 -783
20 15 -224
20 21 -1172
20 27 1340
20 50 -42
20 100 2186
50 3 1111
50 9 -901
50 15 1390
50 21 1522
50 27 2330
50 50 507
50 100 -4543
2 3 -108
2 9 -102
2 15 -392
2 21 88
2 27 126
2 50 426
2 100 854
6 3 -83
6 9 -531
6 15 -137
6 21 48
6 27 444
6 50 457
6 100 2076
10 3 -13
10 9 -213
10 15 878
10 21 -933
10 27 853
10 50 546
10 100 2440
14 3 -768
14 9 -403
14 15 -221
14 21 1356
14 27 -289
14 50 2741
14 100 6164
18 3 -205
18 9 -299
18 15 639
18 21 786
18 27 -2119
18 50 3101
18 100 994
20 3 -267
20 9 -361
20 15 544
20 21 -1393
20 27 2189
20 50 2549
20 100 2665
50 3 49
50 9 -2991
50 15 -1802
50 21 -1220
50 27 1662
50 50 -5729
50 100 -6998
2 3 -73
2 9 -51
2 15 -424
2 21 -6
2 27 -51
2 50 -50
2 100 3818
6 3 -24
6 9 230
6 15 583
6 21 52
6 27 -582
6 50 -777
6 100 -337
10 3 55
10 9 246
10 15 -459
10 21 772
10 27 1441
10 50 1691
10 100 2466
14 3 111
14 9 -621
14 15 134
14 21 -575
14 27 476
14 50 -1210
14 100 4485
18 3 437
18 9 124
18 15 559
18 21 -367
18 27 1170
18 50 1605
18 100 2874
20 3 -4
20 9 180
20 15 64
20 21 782
20 27 -316
20 50 1406
20 100 -1720
50 3 348
50 9 -23
50 15 -2582
50 21 -1722
50 27 -3111
50 50 5630
50 100 1699
FINAL 1686562 1611626
