2 3 -125
2 9 -34
2 15 -240
2 21 -1
2 27 -419
2 50 -952
2 100 -1243
6 3 12
6 9 -164
6 15 599
6 21 -511
6 27 296
6 50 83
6 100 -683
10 3 119
10 9 -466
10 15 -340
10 21 112
10 27 -932
10 50 -90
10 100 -2780
14 3 -448
14 9 -258
14 15 265
14 21 -545
14 27 -149
14 50 1569
14 100 2773
18 3 92
18 9 -320
18 15 -173
18 21 -151
18 27 -570
18 50 554
18 100 -245
20 3 -56
20 9 -405
20 15 -1446
20 21 2
20 27 -88
20 50 -2724
20 100 1923
50 3 -350
50 9 898
50 15 -344
50 21 -2104
50 27 -206
50 50 -2957
50 100 -1939
2 3 -56
2 9 -304
2 15 -171
2 21 33
2 27 209
2 50 -130
2 100 1029
6 3 73
6 9 201
6 15 -177
6 21 -29
6 27 465
6 50 3713
6 100 728
10 3 431
10 9 -216
10 15 -209
10 21 1259
10 27 445
10 50 785
10 100 -216
14 3 -84
14 9 -320
14 15 1421
14 21 -1400
14 27 475
14 50 -2140
14 100 -7384
18 3 195
18 9 546
18 15 -544
18 21 -2595
18 27 -1021
18 50 1455
18 100 -14
20 3 -190
20 9 388
20 15 -1072
20 21 -494
20 27 -2498
20 50 -2331
20 100 6440
50 3 455
50 9 -246
50 15 536
50 21 93
50 27 345
50 50 -13125
50 100 5896
2 3 109
2 9 -68
2 15 -336
2 21 -95
2 27 -98
2 50 -56
2 100 -104
6 3 320
6 9 -38
6 15 326
6 21 -323
6 27 256
6 50 306
6 100 -201
10 3 140
10 9 -233
10 15 -1166
10 21 1103
10 27 388
10 50 629
10 100 -1760
14 3 659
14 9 462
14 15 -767
14 21 -1336
14 27 -31
14 50 3869
14 100 -2769
18 3 -36
18 9 67
18 15 1822
18 21 -1751
18 27 -1217
18 50 -2461
18 100 -15633
20 3 311
20 9 985
20 15 -428
20 21 35
20 27 2245
20 50 382
20 100 2900
50 3 -80
50 9 -209
50 15 958
50 21 587
50 27 -4771
50 50 -2062
50 100 -10026
2 3 -20
2 9 24
2 15 170
2 21 370
2 27 -216
2 50 702
2 100 -739
6 3 -155
6 9 -619
6 15 345
6 21 822
6 27 605
6 50 -943
6 100 2824
10 3 -425
10 9 -245
10 15 1991
10 21 556
10 27 1209
10 50 -2210
10 100 -1370
14 3 -431
14 9 402
14 15 415
14 21 2114
14 27 -1424
14 50 -2188
14 100 -1314
18 3 379
18 9 564
18 15 -907
18 21 527
18 27 1027
18 50 3463
18 100 -2617
20 3 -128
20 9 338
20 15 -2657
20 21 -997
20 27 -395
20 50 -321
20 100 -3010
50 3 -95
50 9 -1371
50 15 -1028
50 21 247
50 27 -188
50 50 8
50 100 -6767
2 3 -58
2 9 81
2 15 28
2 21 134
2 27 495
2 50 -294
2 100 -408
6 3 57
6 9 -279
6 15 -328
6 21 174
6 27 482
6 50 1532
6 100 -2039
10 3 305
10 9 319
10 15 141
10 21 -1084
10 27 -964
10 50 3486
10 100 -3341
14 3 439
14 9 -664
14 15 391
14 21 1320
14 27 402
14 50 -1146
14 100 -3137
18 3 -88
18 9 -639
18 15 -1926
18 21 -982
18 27 -329
18 50 -412
18 100 -4532
20 3 129
20 9 260
20 15 -571
20 21 1771
20 27 -2103
20 50 -3323
20 100 -12291
50 3 -98
50 9 708
50 15 795
50 21 -877
50 27 -1645
50 50 6276
50 100 -3218
FINAL 1723154 1817590
