2 3 69
2 9 -128
2 15 99
2 21 -5
2 27 137
2 50 180
2 100 -411
6 3 -191
6 9 -122
6 15 -426
6 21 411
6 27 -88
6 50 -1779
6 100 2769
10 3 -127
10 9 99
10 15 1023
10 21 -628
10 27 742
10 50 -1642
10 100 -2659
14 3 202
14 9 -784
14 15 1716
14 21 478
14 27 -1457
14 50 1873
14 100 812
18 3 698
18 9 -206
18 15 543
18 21 978
18 27 -455
18 50 136
18 100 -1604
20 3 218
20 9 -19
20 15 -384
20 21 483
20 27 -540
20 50 -391
20 100 1926
50 3 685
50 9 152
50 15 -514
50 21 -1700
50 27 -4150
50 50 4413
50 100 6824
2 3 -45
2 9 -164
2 15 -384
2 21 -1307
2 27 -278
2 50 -902
2 100 496
6 3 160
6 9 -288
6 15 -381
6 21 -1751
6 27 -358
6 50 -407
6 100 782
10 3 -914
10 9 -73
10 15 259
10 21 -194
10 27 565
10 50 -59
10 100 -2017
14 3 274
14 9 -56
14 15 324
14 21 947
14 27 1640
14 50 -1114
14 100 -1764
18 3 258
18 9 939
18 15 -151
18 21 -1174
18 27 -1076
18 50 1371
18 100 -477
20 3 819
20 9 -420
20 15 86
20 21 93
20 27 1120
20 50 -2034
20 100 4612
50 3 231
50 9 -1112
50 15 712
50 21 -1224
50 27 -1088
50 50 21
50 100 -10526
2 3 10
2 9 -67
2 15 -779
2 21 30
2 27 -305
2 50 -378
2 100 740
6 3 227
6 9 -531
6 15 818
6 21 -322
6 27 63
6 50 -1636
6 100 -3815
10 3 303
10 9 -309
10 15 -364
10 21 -794
10 27 -115
10 50 -1759
10 100 -502
14 3 249
14 9 -61
14 15 967
14 21 118
14 27 -248
14 50 156
14 100 -5382
18 3 233
18 9 205
18 15 -59
18 21 -53
18 27 -867
18 50 617
18 100 -5949
20 3 -967
20 9 -327
20 15 -2011
20 21 -95
20 27 2219
20 50 -1343
20 100 -917
50 3 -392
50 9 -772
50 15 1548
50 21 -123
50 27 -2868
50 50 -519
50 100 -9010
2 3 -115
2 9 26
2 15 -30
2 21 77
2 27 285
2 50 -540
2 100 -1072
6 3 139
6 9 736
6 15 168
6 21 -557
6 27 -61
6 50 738
6 100 -1107
10 3 -88
10 9 252
10 15 -1157
10 21 153
10 27 491
10 50 3795
10 100 -5547
14 3 -245
14 9 772
14 15 171
14 21 -435
14 27 126
14 50 -1942
14 100 -8078
18 3 -13
18 9 -103
18 15 705
18 21 -707
18 27 -1249
18 50 1442
18 100 185
20 3 57
20 9 113
20 15 466
20 21 22
20 27 989
20 50 380
20 100 1063
50 3 -1338
50 9 -1005
50 15 -1643
50 21 481
50 27 -2300
50 50 -2795
50 100 -1664
2 3 -62
2 9 277
2 15 38
2 21 13
2 27 178
2 50 332
2 100 -1205
6 3 -263
6 9 -57
6 15 147
6 21 -485
6 27 -1161
6 50 -149
6 100 27
10 3 492
10 9 196
10 15 243
10 21 -423
10 27 472
10 50 299
10 100 1595
14 3 -362
14 9 117
14 15 291
14 21 -1105
14 27 1126
14 50 1988
14 100 -1015
18 3 37
18 9 -1890
18 15 -446
18 21 -447
18 27 126
18 50 -1017
18 100 -3417
20 3 80
20 9 119
20 15 172
20 21 -959
20 27 -1576
20 50 -3859
20 100 7358
50 3 148
50 9 437
50 15 1335
50 21 -222
50 27 -1133
50 50 -2828
50 100 2301
FINAL 1670102 1738107
