2 3 114
2 9 4
2 15 297
2 21 109
2 27 -13
6 3 -65
6 9 -19
6 15 64
6 21 472
6 27 59
10 3 -82
10 9 338
10 15 989
10 21 879
10 27 -543
14 3 93
14 9 -282
14 15 791
14 21 -1177
14 27 224
18 3 -204
18 9 -146
18 15 -208
18 21 -161
18 27 66
2 3 -150
2 9 -370
2 15 -492
2 21 178
2 27 -134
6 3 -78
6 9 42
6 15 201
6 21 1039
6 27 365
10 3 166
10 9 527
10 15 330
10 21 -1400
10 27 668
14 3 -280
14 9 -146
14 15 -1102
14 21 333
14 27 892
18 3 327
18 9 -674
18 15 -456
18 21 1312
18 27 -1518
2 3 -78
2 9 -14
2 15 231
2 21 -103
2 27 147
6 3 -174
6 9 -844
6 15 402
6 21 211
6 27 445
10 3 -42
10 9 32
10 15 -381
10 21 10
10 27 429
14 3 675
14 9 926
14 15 -916
14 21 595
14 27 -727
18 3 -738
18 9 -498
18 15 437
18 21 -1595
18 27 -1007
2 3 3
2 9 113
2 15 -197
2 21 -49
2 27 -1022
6 3 -33
6 9 177
6 15 -952
6 21 -1308
6 27 326
10 3 57
10 9 -273
10 15 535
10 21 -107
10 27 -500
14 3 302
14 9 -401
14 15 184
14 21 677
14 27 301
18 3 42
18 9 1050
18 15 390
18 21 -2230
18 27 2577
2 3 -21
2 9 327
2 15 389
2 21 -158
2 27 -983
6 3 80
6 9 1373
6 15 134
6 21 85
6 27 -637
10 3 424
10 9 -508
10 15 -701
10 21 -606
10 27 24
14 3 -297
14 9 -24
14 15 -1390
14 21 923
14 27 -780
18 3 -173
18 9 542
18 15 -1241
18 21 434
18 27 -367
FINAL 229481 234368
